109
643
103
707
6
98
643
103
708
0
98
643
103
709
0
98
643
103
710
0
98
643
103
711
0
98
643
103
712
0
98
643
103
713
0
109
643
103
714
7
109
643
104
706
6
109
643
104
707
3
109
643
104
714
2
109
643
104
715
7
109
643
105
705
6
109
643
105
706
3
109
643
105
715
2
109
643
105
716
7
98
643
106
705
0
98
643
106
716
0
98
643
107
705
0
98
643
107
716
0
98
643
108
705
0
98
643
108
716
0
98
643
109
705
0
98
643
109
716
0
98
643
110
705
0
98
643
110
716
0
109
643
111
705
2
109
643
111
706
7
109
643
111
715
6
109
643
111
716
3
109
643
112
706
2
109
643
112
707
7
109
643
112
714
6
109
643
112
715
3
109
643
113
707
2
98
643
113
708
0
98
643
113
709
0
98
643
113
710
0
98
643
113
711
0
98
643
113
712
0
98
643
113
713
0
109
643
113
714
3
109
644
101
706
3
109
644
101
708
2
109
644
101
709
7
109
644
101
711
6
109
644
101
712
6
109
644
101
713
3
109
644
101
715
2
109
644
102
705
7
109
644
102
707
6
98
644
102
708
0
98
644
102
709
0
98
644
102
710
0
98
644
102
711
0
98
644
102
712
0
98
644
102
713
0
109
644
102
714
7
109
644
102
716
6
109
644
103
704
2
109
644
103
705
3
109
644
103
706
6
98
644
103
707
0
587
644
103
708
0
587
644
103
709
0
587
644
103
710
0
587
644
103
711
0
587
644
103
712
0
587
644
103
713
0
98
644
103
714
0
109
644
103
715
7
109
644
103
716
2
109
644
103
717
3
109
644
104
703
3
109
644
104
705
6
98
644
104
706
0
587
644
104
707
0
204
644
104
708
0
204
644
104
709
0
204
644
104
710
2
204
644
104
711
2
204
644
104
712
0
204
644
104
713
0
587
644
104
714
0
98
644
104
715
0
109
644
104
716
7
109
644
104
718
2
109
644
105
704
6
98
644
105
705
0
587
644
105
706
0
204
644
105
707
0
204
644
105
708
0
204
644
105
709
0
204
644
105
710
0
204
644
105
711
0
204
644
105
712
0
204
644
105
713
0
204
644
105
714
0
587
644
105
715
0
98
644
105
716
0
109
644
105
717
7
109
644
106
703
7
98
644
106
704
0
587
644
106
705
0
204
644
106
706
0
204
644
106
707
0
204
644
106
708
0
204
644
106
709
0
204
644
106
710
0
204
644
106
711
0
204
644
106
712
0
204
644
106
713
0
204
644
106
714
0
204
644
106
715
2
587
644
106
716
0
98
644
106
717
0
109
644
106
718
6
109
644
107
703
2
98
644
107
704
0
587
644
107
705
0
204
644
107
706
0
204
644
107
707
0
204
644
107
708
0
204
644
107
709
0
204
644
107
710
0
204
644
107
711
0
204
644
107
712
0
204
644
107
713
0
204
644
107
714
0
204
644
107
715
0
587
644
107
716
0
98
644
107
717
0
109
644
107
718
3
98
644
108
704
0
587
644
108
705
0
204
644
108
706
2
204
644
108
707
0
204
644
108
708
0
204
644
108
709
0
204
644
108
710
0
204
644
108
711
0
204
644
108
712
0
204
644
108
713
0
204
644
108
714
0
204
644
108
715
0
587
644
108
716
0
98
644
108
717
0
109
644
109
703
6
98
644
109
704
0
587
644
109
705
0
204
644
109
706
2
204
644
109
707
2
204
644
109
708
0
204
644
109
709
0
204
644
109
710
0
204
644
109
711
0
204
644
109
712
0
204
644
109
713
0
204
644
109
714
0
204
644
109
715
0
587
644
109
716
0
98
644
109
717
0
109
644
109
718
7
109
644
110
703
3
98
644
110
704
0
587
644
110
705
0
204
644
110
706
2
204
644
110
707
2
204
644
110
708
0
204
644
110
709
0
204
644
110
710
0
204
644
110
711
0
204
644
110
712
0
204
644
110
713
0
204
644
110
714
0
204
644
110
715
0
587
644
110
716
0
98
644
110
717
0
109
644
110
718
2
109
644
111
704
2
98
644
111
705
0
587
644
111
706
0
204
644
111
707
0
204
644
111
708
0
204
644
111
709
0
204
644
111
710
0
204
644
111
711
0
204
644
111
712
0
204
644
111
713
0
204
644
111
714
0
587
644
111
715
0
98
644
111
716
0
109
644
111
717
3
109
644
112
703
7
109
644
112
705
2
98
644
112
706
0
587
644
112
707
0
204
644
112
708
0
204
644
112
709
0
204
644
112
710
0
204
644
112
711
0
204
644
112
712
0
204
644
112
713
0
587
644
112
714
0
98
644
112
715
0
109
644
112
716
3
109
644
113
704
6
109
644
113
705
7
109
644
113
706
2
98
644
113
707
0
587
644
113
708
0
587
644
113
709
0
587
644
113
710
0
587
644
113
711
0
587
644
113
712
0
587
644
113
713
0
98
644
113
714
0
109
644
113
715
3
109
644
113
716
6
109
644
113
717
7
109
644
114
705
3
109
644
114
707
2
98
644
114
708
0
98
644
114
709
0
98
644
114
710
0
98
644
114
711
0
98
644
114
712
0
98
644
114
713
0
109
644
114
714
3
109
644
114
716
2
109
644
115
706
7
109
644
115
708
6
109
644
115
709
3
109
644
115
711
2
109
644
115
712
2
109
644
115
713
7
109
644
115
715
6
109
645
103
707
6
98
645
103
708
0
98
645
103
709
0
98
645
103
710
0
98
645
103
711
0
98
645
103
712
0
98
645
103
713
0
109
645
103
714
7
109
645
104
706
6
109
645
104
707
3
109
645
104
714
2
109
645
104
715
7
109
645
105
705
6
109
645
105
706
3
109
645
105
715
2
109
645
105
716
7
98
645
106
705
0
98
645
106
716
0
98
645
107
705
0
98
645
107
716
0
98
645
108
705
0
98
645
108
716
0
98
645
109
705
0
98
645
109
716
0
98
645
110
705
0
98
645
110
716
0
109
645
111
705
2
109
645
111
706
7
109
645
111
715
6
109
645
111
716
3
109
645
112
706
2
109
645
112
707
7
109
645
112
714
6
109
645
112
715
3
109
645
113
707
2
98
645
113
708
0
98
645
113
709
0
98
645
113
710
0
98
645
113
711
0
98
645
113
712
0
98
645
113
713
0
109
645
113
714
3
